[11, 12]
[6, 5]
[5, 6]
[10, 9]
[6, 7]
[10, 11]
[11, 10]
[16, 17]
[19, 20]
[5, 6]
[7, 6]
[7, 6]
[13, 12]
[10, 11]
[14, 15]
[12, 11]
[8, 9]
[5, 4]
[9, 10]
[8, 9]
[14, 13]
[8, 7]
[7, 8]
[8, 9]
[23, 26]
[14, 13]
[9, 10]
[10, 13]
[5, 4]
[35, 32]
[7, 6]
[11, 12]
[9, 10]
[7, 8]
[6, 7]
[12, 13]
[14, 15]
[9, 8]
[8, 7]
[7, 6]
[8, 7]
[10, 9]
[5, 6]
[9, 8]
[7, 6]
[11, 10]
[10, 9]
[12, 11]
[9, 8]
[10, 11]
[10, 9]
[10, 9]
[12, 13]
[7, 6]
[8, 7]
[9, 10]
[16, 17]
[5, 6]
[30, 27]
[10, 11]
[13, 14]
[9, 10]
[9, 8]
[11, 12]
[7, 8]
[7, 6]
[6, 7]
[10, 11]
[8, 9]
[8, 7]
[7, 8]
[8, 9]
[14, 13]
[6, 5]
[18, 17]
[13, 14]
[12, 11]
[4, 5]
[12, 11]
[6, 7]
[4, 5]
[30, 31]
[5, 4]
[7, 8]
[6, 7]
[5, 6]
[5, 4]
[7, 8]
[9, 8]
[9, 10]
[31, 32]
[9, 8]
[11, 12]
[5, 6]
